# single_car_base
Tf = 1.0
v = 2
moving_obstacles = [20.   0.1  0.   1.  15.  -0.1  0.   1. ]
x0 = [-1.          0.6         3.05432619]
gamma = 0.5
h_cbf = 3.0
Q = [[100   0   0]
 [  0  10   0]
 [  0   0  10]]
R = [[10.  0.]
 [ 0. 10.]]
Qe = [[100   0   0]
 [  0  10   0]
 [  0   0  10]]
qp_solver = FULL_CONDENSING_QPOASES
nlp_solver_type = SQP
qp_solver_iter_max = 800
nlp_solver_max_iter = 800
computation_time = 12.223745346069336
